98.89
99.51
99.51
99.51
99.51
99.82
100.13
100.13
101.07
101.07
101.07
101.07
101.07
101.07
101.07
101.07
102.00
102.00
102.00
102.00
102.00
102.00
102.00
102.00
102.00
102.00
102.00
102.00
102.00
102.00
102.00
102.00
102.00
102.00
102.31
102.62
102.62
102.62
102.93
102.93
102.93
102.93
102.93
102.93
102.93
102.93
102.93
102.93
104.49
104.49
104.49
104.49
104.49
104.49
104.49
104.49
104.49
104.49
104.49
104.49
104.49
104.49
104.49
104.49
104.49
104.49
104.49
105.11
105.11
105.11
105.42
105.42
105.42
105.42
105.11
105.11
105.11
105.11
105.42
105.42
105.73
105.73
105.73
105.73
105.73
105.73
105.73
105.73
106.35
106.35
106.35
106.35
106.35
106.35
106.35
106.35
106.35
106.35
106.35
106.35
106.35
106.35
106.35
106.35
106.35
106.35
106.35
106.35
106.35
106.35
106.35
106.35
107.29
107.29
107.29
107.29
107.29
107.29
107.29
107.29
106.98
106.98
106.98
106.98
107.29
107.60
107.60
107.60
108.22
108.22
108.22
108.22
108.22
108.22
108.22
108.22
108.22
108.22
108.22
108.22
108.22
108.22
108.22
108.22
109.15
111.02
114.13
114.13
114.75
114.75
115.37
115.99
115.37
115.37
117.86
117.55
119.10
119.73
120.97
120.97
122.52
123.15
123.46
123.46
125.95
126.26
127.50
127.19
130.61
131.85
135.59
133.41
132.79
133.41
133.72
133.41
140.56
139.63
134.34
135.27
127.50
129.68
129.68
127.50
129.68
131.54
133.41
131.23
129.05
126.88
127.50
129.37
124.70
124.70
122.21
122.21
122.84
123.15
125.32
125.32
126.88
125.63
127.19
126.26
123.15
124.08
123.15
122.84
118.79
119.10
119.41
119.73
122.52
121.28
132.16
132.79
135.59
135.59
135.59
135.90
136.21
136.83
136.52
136.52
134.03
134.03
134.03
133.72
133.41
133.41
133.41
133.10
130.61
130.61
112.57
112.57
111.95
111.95
111.95
111.95
112.57
112.57
112.57
112.57
112.57
112.57
112.57
112.57
112.88
112.88
112.88
112.88
112.88
112.88
112.88
112.88
113.20
113.20
113.20
113.20
113.20
113.20
113.20
113.20
113.20
113.20
113.20
113.20
113.20
113.20
113.20
113.20
113.20
113.20
113.20
113.20
113.20
113.20
113.20
113.20
113.51
113.51
113.51
113.51
113.51
113.51
113.51
113.51
113.82
113.82
113.82
113.82
113.82
113.82
113.82
113.82
113.82
113.82
113.82
113.82
113.82
113.82
113.82
113.82
114.44
114.44
114.44
114.44
114.44
114.44
114.44
114.44
114.44
114.44
114.44
114.44
114.44
114.44
114.44
114.44
114.44
114.44
114.44
114.44
114.44
114.44
114.44
114.44
114.75
114.75
114.75
114.75
114.75
114.75
114.75
114.75
114.75
114.75
114.75
114.75
114.75
114.75
114.75
114.75
115.06
115.06
115.06
115.06
115.06
115.06
115.06
115.06
115.06
115.06
115.06
115.06
115.06
115.06
115.06
115.06
115.06
115.06
115.06
115.06
115.06
115.06
115.06
115.06
115.06
115.06
115.06
115.37
115.37
115.37
115.68
115.68
115.37
115.37
115.37
115.37
115.37
115.37
115.37
115.37
115.68
115.68
115.68
115.68
115.68
115.68
115.68
115.68
115.68
115.68
115.68
115.68
115.68
115.68
115.68
115.68
115.68
115.68
115.68
115.68
115.68
115.68
115.68
115.68
115.68
115.68
115.68
115.68
115.68
115.68
115.68
115.68
115.68
115.68
115.68
115.68
115.68
115.68
115.68
115.68
115.68
115.68
115.68
115.68
115.68
115.68
115.68
115.68
115.68
115.68
115.68
115.68
115.68
115.68
115.68
115.68
115.68
115.68
115.68
115.68
115.68
115.68
115.68
115.68
115.99
115.99
115.99
115.99
115.99
115.99
115.99
115.99
115.99
115.99
115.99
115.99
115.99
115.99
115.99
115.99
115.99
115.99
115.99
115.99
115.99
115.99
115.99
115.99
115.99
115.99
115.99
115.99
115.99
115.99
115.99
115.99
115.99
115.99
115.99
115.99
115.99
115.99
115.99
115.99
115.99
115.99
115.99
115.99
115.99
115.99
115.99
115.99
115.99
115.99
115.99
115.99
115.99
115.99
115.99
115.99
115.99
115.99
115.99
115.99
115.99
115.99
115.99
115.99
116.30
116.30
116.30
116.30
116.30
116.30
116.30
116.30
116.30
116.30
116.30
116.30
116.30
116.30
116.30
116.30
116.30
116.30
116.30
116.30
116.30
116.30
116.30
116.30
116.30
116.30
116.30
116.30
116.30
116.30
116.30
116.30
116.93
116.93
116.93
116.93
116.93
116.93
116.93
116.93
116.93
116.93
116.93
116.93
116.93
116.93
116.93
116.93
116.93
116.93
116.93
116.93
116.93
117.24
117.24
117.24
116.93
116.93
116.93
116.93
117.24
117.55
117.55
117.55
116.93
116.93
116.93
116.93
116.93
116.93
116.93
116.93
116.93
116.93
116.93
116.93
116.93
116.93
116.93
116.93
116.93
116.93
116.93
116.93
116.93
116.93
116.93
116.93
115.68
116.30
116.30
115.37
114.75
115.06
116.30
115.99
116.93
116.93
116.93
116.93
116.30
116.30
116.30
115.99
